--- 
manifestation_and_subject_00001: 
  id: 1
  created_at: 2008-03-01 17:53:06.118389 +09:00
  updated_at: 2008-03-02 03:19:58.534251 +09:00
  manifestation_id: 1
  subject_id: 1
